1.066041428821022929e+00 3.251365962043169411e+00 6.412378400628729880e-01 2.083158376321744942e+00 -8.899538241515939641e-01 5.516425777611632775e+00 4.029301710470124753e+00
-1.406559988920746740e+00 2.079472204585404604e+00 -1.329211810560379625e+00 2.368265898184707119e+00 2.992069666949072060e-01 -1.205301310385384017e+00 -3.352544463453858370e+00
-1.709920190965698250e+00 1.272171526530951002e+00 -3.135104813217494346e+00 3.035237157339548908e+00 4.135915834865760976e-02 -3.759711142531995343e+00 6.825218524856196955e-02
-1.438101243199130241e+00 -9.170086759802712484e-01 -6.900074065398354994e-01 3.454110243160993132e+00 -2.012046836138357886e+00 4.515538483493613420e+00 -3.378996339588234976e-01
5.528752215235959167e-01 1.799448130821937886e+00 -9.966777790341774246e-02 2.394976654203167854e+00 5.526881034182588859e-02 1.174210516779511160e+00 -3.265448211718754212e+00
9.843499206219785691e-02 2.216094596758581003e-01 -1.221442081361244991e+00 1.762460766440198556e+00 -7.320814532671988673e-01 2.527507950604863662e+00 2.079961481870928885e+00
1.294986507496155737e+00 1.299006021780525710e+00 -1.368483896008852563e+00 6.686487837438699344e-01 -3.897432290108899383e-02 8.055182468989448008e-01 -7.301771423968113073e-01
3.971519650611657681e+00 3.481248149934983438e-01 -1.638399066902877399e+00 3.132492384888909687e+00 6.327508131168957384e-01 -1.671782017187874780e+00 5.518228021578914344e+00
2.023875753519721155e+00 -1.412841348390000640e+00 -1.851314534626010033e+00 2.280317751612496391e+00 -6.567813825267493355e-02 -3.477056740143131819e+00 -6.404098513946277826e+00
3.634859337446953553e+00 -1.014102852385591946e+00 -1.015724978588831817e+00 6.894535227155031976e-01 -1.931884394727317877e+00 2.844073880389016651e+00 -1.133836975498492494e+00
3.199064550636598447e+00 -1.957679648938381867e+00 -4.729570740484268399e+00 2.507040565035659085e+00 5.502035835189577062e-01 -1.015216737580804107e+01 -1.623235009065578049e+00
5.184830550553926720e+00 -4.561148010260763996e+00 -1.506954074537944166e+00 1.326702910325993301e+00 -4.522590940730184528e+00 4.773164489443506575e+00 4.652523282376243685e+00
7.967546238282663396e+00 -2.623598900198648387e+00 -4.496407429878721551e+00 4.982810968317358813e-01 -2.111556555095615018e+00 -7.303920662381628404e+00 3.822042527234068121e+00
9.470785352341126284e+00 -4.302403983147437216e+00 -5.040992757624340737e-01 3.328051493680384554e-01 -2.147956681927426725e+00 -3.275462806629799939e+00 2.424253943061286165e+00
9.958440601935729219e+00 -5.426337900855512153e+00 -1.921278811337919112e+00 -1.271204101276359077e+00 -3.606063549620799336e+00 -5.700394882930325480e+00 1.118604085399836467e+00
9.722955922419377117e+00 -4.200122619609698127e+00 5.320970834094826962e-01 -5.504944754709097055e+00 -6.083147991939269694e+00 1.939442151746137100e+00 -2.542099865301248762e+00
7.518750555101830990e+00 -3.520229816703074555e+00 -8.582494606835704420e-01 -7.706742744443062954e+00 -4.178353232860665400e+00 -2.542994705513761389e+00 -5.814323930105294025e+00
6.998738007307827580e+00 -8.153676020962343785e-01 -1.984023265872564279e+00 -8.453325438581288154e+00 -2.187342797682622297e+00 -7.593174466461841021e+00 -2.049728956435197702e+00
1.104075385004045806e+01 -3.768939066367645641e+00 -1.126607099828397462e+00 -5.622060348689211118e+00 -3.140726769825953113e+00 -1.919604731755117477e+00 8.046652050714955706e+00
1.199502460511103052e+01 -6.128133055319059608e+00 1.386262533545055131e+00 -5.784502056294659411e+00 -5.948316166335359867e+00 8.137200969810120199e+00 6.583600491809607824e+00
1.927505320018554258e+01 1.590697116642854958e+00 1.377082518575957870e+00 -9.155802638921999304e+00 1.074599160425368627e+00 -7.222889462209322708e+00 -3.753568577443470722e-01
1.577370590495240954e+01 -9.549754094083587219e+00 -5.318336626307356596e+00 -9.487219431428981054e+00 -4.946503080692931320e+00 -6.793110183959401027e+00 2.650444975514849943e+01
2.268951703323417135e+01 -9.929967115653797194e+00 9.240103077900558848e-01 -1.043688623978422036e+01 -7.972340855514036484e+00 2.475691065174827621e-01 1.593981334626520052e+01
2.564197765137187801e+01 -6.493120733085191887e+00 -1.802394866046970190e-01 -1.313276414438328565e+01 -5.574086900824622326e+00 -1.390382002723886323e+01 -1.105982229516644999e+01
2.471428323086423617e+01 -5.539028447847140768e+00 -2.473295120627312826e+00 -1.683924411010199762e+01 -6.761702321353136647e+00 -1.362440182763040575e+01 -1.274609449721619825e+01
1.651016863751207353e+01 -1.311168635678735761e+01 -7.408334454147776249e+00 -1.397551727278143474e+01 -1.025111901640810252e+01 -9.220271486489917123e+00 9.990300162303447085e-01
2.178090672988326304e+01 -1.161852246647793763e+01 -3.377423776581953696e+00 -1.374200478853772012e+01 -9.633652712319264566e+00 -2.112535033416834462e+00 7.106722693289988513e+00
1.649959571284339788e+01 -1.578833686265707748e+01 -7.798353112066809256e-01 -1.177549631459778823e+01 -1.028644783033702303e+01 2.253309063566416581e-01 -1.142225963901418240e+01
1.643391453953473658e+01 -1.271411534588676950e+01 -8.141263846314541475e-01 -1.171448110292490519e+01 -8.616047305265219336e+00 -1.145022069862703384e-01 -6.121348007711878481e+00
1.178237617313960861e+01 -1.068285112462036501e+01 -3.319388927816837143e+00 -1.188314206457312494e+01 -4.585260479526365174e+00 -7.881354845630335504e+00 -1.024510605546378983e+01
7.174153031948575787e+00 -1.766462246337427544e+01 -4.008375744047712352e+00 -6.961825116445286454e+00 -8.638131572960311644e+00 5.807741488583737066e+00 7.556836816263497347e+00
5.451149370607137001e+00 -1.356522436739952475e+01 -2.834867449519593574e+00 -8.220937537764612557e+00 -3.277741298606640541e+00 -1.619625105725147840e+00 -9.378054272416202153e+00
6.129106023422044913e+00 -1.341384840538337286e+01 -3.094489107114821280e+00 -7.364020968214112450e+00 -3.160472911285530095e+00 1.412378496890344115e+00 -1.253455488200458046e+00
8.336877981380597546e+00 -1.093955684892942237e+01 -2.692016418376857345e+00 -8.847877312282072637e+00 -1.194474172507907106e+00 -7.913063619342068922e-01 -2.885472690512583149e+00
5.653144998901876050e+00 -1.218331929545827563e+01 -3.625092145821179557e+00 -8.121456822106246420e+00 -1.786153423728388256e+00 -1.712784917977937527e+00 -2.783937520042766067e+00
7.915420257000791437e+00 -9.625620667038212730e+00 -1.070492323597115991e+00 -8.389708278213166892e+00 -1.827849840529564673e+00 2.632008679240241733e+00 1.076970143561932103e+00
4.162753520789474138e+00 -1.118478065836208657e+01 -3.478541069355540749e+00 -7.762024556256553964e+00 -9.092794124317400417e-01 -2.651848452208065865e+00 -2.401766448756982975e+00
7.861958045441602927e+00 -8.519803415477882780e+00 -2.351853887055604719e+00 -8.617615135201051046e+00 -8.193511685663246169e-01 -2.622614904797360147e-02 4.877059859615851423e+00
2.619166128332820254e+00 -1.170325481320656280e+01 -2.147418106877710731e+00 -7.048620259237666552e+00 -1.624147892510604763e+00 -5.663741851076253830e-02 -5.223930871457930003e+00
3.796915843224601517e+00 -1.055112258162821881e+01 -1.674509200607059212e+00 -7.230943250244816767e+00 -8.873911526474522748e-01 1.023383878723774343e+00 -2.270432990393446815e+00
4.409844649228061186e+00 -1.154226421023983384e+01 -6.391579071918886079e+00 -7.592542641002740567e+00 -5.084084071336419930e-01 -4.777717131259762162e+00 4.568106964295118644e+00
8.329272086444165168e+00 -8.956446644581806282e+00 -3.858822938957321647e+00 -8.869079577295202910e+00 -1.088318534276694338e-01 -3.323069048436349426e+00 2.154153167856734274e+00
6.699467441889901842e+00 -1.046649666456286631e+01 -4.595624820999169913e+00 -8.360047793298400975e+00 -1.062002865273853125e+00 -4.143733507155497264e+00 -2.841978336403458094e+00
7.897758271800757512e+00 -9.674467151318250302e+00 -3.446906916706333313e+00 -7.421335917828540296e+00 -1.763861193357705970e+00 -8.574702608363676815e-01 -1.085728924238967830e+00
7.679520419209809212e+00 -9.666424448557474847e+00 -2.570491217424833774e+00 -7.486376554977816511e+00 -1.693287628033149472e+00 7.140403837053264091e-01 -2.756145147213205249e+00
7.501003895655251164e+00 -9.759166352982131087e+00 -2.579846613168236935e+00 -7.717769134218386284e+00 -1.145755675451443079e+00 -6.879959546401155368e-01 -5.717327251876906047e+00
7.839183089132549576e+00 -1.038932820714479988e+01 -2.725855073307209775e+00 -7.811235968302773891e+00 -2.079881225142852674e+00 1.423210853009245547e+00 -8.320587663742435858e-01
5.382829584918962240e+00 -1.015614206084987536e+01 -2.542783688788074592e+00 -7.882585281483390993e+00 -1.146102081537952788e+00 -8.046630049504834847e-01 -4.243082856726823948e+00
6.817436666528504219e+00 -9.511204215056983102e+00 -1.403936399893331188e+00 -7.570988858740018479e+00 -1.101488349703443337e+00 1.676071742222882799e+00 -1.479030521583938107e+00
6.962293058364792842e+00 -9.885789802685890137e+00 -1.939328460521223541e+00 -8.221078458042327952e+00 -5.388547604569332572e-01 8.986936993926900596e-01 -2.146566865798089641e+00
5.437868806894230467e+00 -9.744177909101116697e+00 -4.170571763702391799e+00 -7.988112365880096100e+00 -5.943294323561909565e-02 -4.252338483431373106e+00 -1.686961144619100184e+00
8.286848832167702739e+00 -7.532005211267274625e+00 -6.809047908137331184e-01 -8.152496244154997740e+00 3.809433672717156272e-01 9.312627058771441035e-01 -1.262306944256339936e+00
6.967666786532796586e+00 -8.782121813714995895e+00 -1.979463721959019651e+00 -7.033697724235251414e+00 -7.172410593268900847e-01 9.305120119094530962e-01 1.156096862225849842e+00
7.180702119060600630e+00 -8.233249038903675654e+00 -3.175423163901966106e+00 -7.223205193967038085e+00 -1.192985388593725382e+00 -1.133977534280448951e-01 5.593055082876767337e+00
4.721249413854849308e+00 -9.421630858170823686e+00 -2.614059335176415200e+00 -6.890891471230900400e+00 -7.609774965352344989e-01 -2.099411381182668457e+00 -4.667746780564682396e+00
7.419141135143965116e+00 -7.557645011893183273e+00 -7.237240768357118270e+00 -7.285866616127461448e+00 -1.145336531316631712e+00 -8.635149147300666073e+00 6.088301884810366715e+00
7.229382412156247995e+00 -8.489545516694056104e+00 -3.805284004557831778e+00 -6.475337154792334182e+00 -2.450156681474087605e+00 -1.764865081373392375e+00 1.131995664309820848e-01
5.740931767149427323e+00 -9.774311854118540310e+00 -2.563218248814957523e+00 -5.736314061324222280e+00 -3.357318356352894106e+00 1.804677614996926360e+00 -5.520340313278178090e-01
7.123675778900723010e+00 -6.485045902019507480e+00 -2.124149056203485042e+00 -6.155831914427808194e+00 -1.924214480992998855e+00 -1.762625552258070938e+00 -3.225699715252289490e+00
4.892075623656794825e+00 -9.241745542451596407e+00 -2.756065735005758910e+00 -5.102440375706961184e+00 -3.382089016950653004e+00 1.212883293942854435e+00 8.503425931916264169e-01
3.518253617281185797e+00 -8.843216712282636394e+00 -2.656254382195473163e+00 -5.349972486911509506e+00 -2.356154812738380677e+00 -1.979883071360969859e+00 -6.359339755292033658e+00
5.042118899064159443e+00 -7.845006019319344936e+00 -1.672990761188075659e+00 -5.276729154774948860e+00 -2.922013496764290785e+00 1.157987924509847444e+00 -2.835533043108411366e+00
6.933028669231879881e+00 -4.984008416430558697e+00 -7.294346300502385638e-02 -5.781715492581046334e+00 -1.734476249127711256e+00 1.393687395978071120e+00 -1.457991369016414129e+00
4.633463224507075928e+00 -7.747286643639387016e+00 -2.866680693310748040e+00 -4.929372905229786994e+00 -2.628080684250537313e+00 -9.061147149974320136e-01 6.563246844680470371e-01
7.760857510866384423e+00 -5.484874793692040562e+00 -2.311207760342386841e+00 -5.340017473571847084e+00 -2.918031372849409610e+00 2.844124839592564458e-01 5.129617497853231178e+00
5.784238258310671732e+00 -6.164178941224117025e+00 -3.153939889146473163e+00 -5.144067693759577509e+00 -2.669214864237529294e+00 -3.181851215585534298e+00 -5.483463986510386245e-01
6.135114760786063215e+00 -5.200920356379364229e+00 -1.307295563914606218e+00 -4.788127809708968563e+00 -2.556943295325019516e+00 -1.264502208352987322e+00 -3.943355574759317861e+00
5.535821913905142111e+00 -4.263933090738867726e+00 -1.301147982585902252e+00 -5.352216721137477151e+00 -1.145615240411073321e+00 -4.278901934910524396e+00 -7.752113528875666404e+00
5.342879924904291755e+00 -4.699492716341271858e+00 -1.069082008794405292e-01 -3.932658793392176833e+00 -2.738910238293858601e+00 1.413392903269612644e+00 -1.122196047912014771e+00
5.379829391599698418e+00 -4.219816859156547473e+00 -1.180392039371480184e+00 -3.715851534612609086e+00 -2.654620723420851647e+00 8.268944264173746506e-01 2.188599463844821180e+00
3.675952777285378836e+00 -6.476270430536293254e+00 -3.055767406905888883e+00 -2.814795415853566407e+00 -3.609485693500046999e+00 9.649431450822184564e-01 6.265861149367676575e+00
2.194299940107449665e+00 -5.611473922830000127e+00 -1.756666376662436857e+00 -3.063668001570033717e+00 -2.068293932012211123e+00 -1.782922855249243543e+00 -2.820903366586301697e+00
4.523318531543628396e+00 -3.184273472513884151e+00 3.649902010931447283e-01 -4.103053167323423622e+00 -1.138394051719463951e+00 -9.182540495323741059e-01 -5.167090371249178915e+00
2.211869501561382734e+00 -4.414775972377277924e+00 -1.202014705036473563e+00 -3.837706444949125828e+00 -1.376017050346440840e+00 -3.347682079175452685e+00 -4.759946195736089791e+00
4.451061556589245072e+00 -5.814401783661645950e+00 1.193955137472338501e+00 -2.178860838781273568e+00 -4.283912057608024071e+00 8.008627277028860902e+00 6.632293200522449084e+00
5.021768037127500861e+00 -3.102951274601900344e+00 -3.956035282438377099e-01 -3.575427036049236396e+00 -1.817655161835870503e+00 -1.145348771646463870e+00 -1.859054323137323994e+00
2.623652729245057991e+00 -4.488064930831544785e+00 -1.851583239858890506e-01 -3.309499784392622157e+00 -1.872921120077718937e+00 -1.108225494812865808e+00 -5.197630022336414690e+00
3.641436674529068274e+00 -3.793629607788474356e+00 -1.346971712699332580e+00 -4.968020321081979773e+00 -9.598562422428892349e-01 -3.826225619504752373e+00 -9.961098037843110209e-01
5.863894075286638419e+00 -2.645485055114930262e+00 2.141575817094492518e+00 -4.632004632047498127e+00 -1.271313683227748959e+00 1.723737129385619626e+00 -9.843022087529543773e-01
1.333385771145141341e+00 -6.091853914519004043e+00 -1.386735340777873748e+00 -3.992968858703781709e+00 -1.875093244913899504e+00 -2.411491000419431430e+00 -4.547651890677921749e-01
3.511964542678725820e+00 -5.146750880031545350e+00 4.637131132771059039e-01 -3.905522948813654693e+00 -2.156021382452739665e+00 1.215254860128081482e+00 1.838238598792014011e+00
3.259602272159730418e+00 -4.008631568211157514e+00 3.620303837854383922e-01 -4.233444837523476778e+00 -1.709758830100490234e+00 -9.849609081295604973e-01 -1.882445682672120757e+00
2.688535704792143655e+00 -3.830013219300548499e+00 1.377946701271692609e+00 -3.938496542115467847e+00 -1.740475419322335515e+00 1.905854254539642856e-01 -2.720160066842932434e+00
3.420564108995378660e+00 -2.939979108603848257e+00 9.538758390540909016e-01 -4.331253879831947984e+00 -1.044564600743653981e+00 -1.305100142933979690e+00 -1.491148968218355630e+00
6.398115909269489698e+00 -1.312078856741770272e+00 1.914398552448839386e+00 -4.700971438169413652e+00 -5.692695659913933337e-01 3.367644982549796717e-01 2.419142160164962085e-01
8.548472581750086174e-01 -6.127865079967908635e+00 -1.472426121526458243e+00 -3.000060099125430035e+00 -2.423344399923041514e+00 -8.670474434839845479e-01 1.672610823065809660e+00
2.469889081565664890e-01 -5.718940661717048179e+00 -4.625420407833406022e-01 -2.805614866341366032e+00 -1.890695955265683237e+00 -4.473794474546509692e-01 -1.497847011358550695e+00
2.549668125668309138e+00 -2.320497758491051332e+00 2.887055727976318709e-01 -3.435297679055322018e+00 -2.952954771579646143e-01 -2.186493107135899727e+00 -8.514996676803286979e-01
1.854340023156338280e+00 -3.964182523203068520e+00 1.091934686015306744e-01 -2.800793040051897442e+00 -1.293685751919559257e+00 6.307879958755150396e-01 4.078978019770103103e-01
1.433302308821985172e+00 -4.037588366060566258e+00 4.105573896003571477e-01 -3.201666240072869041e+00 -4.964458198197433392e-01 6.719436540431147353e-01 -1.817591438795794101e+00
6.707010524616597857e-01 -4.043500382030384976e+00 -1.959373961814248055e-02 -2.578347315203452617e+00 -7.340975098258312181e-01 1.800985267838028925e-01 9.764403345769667730e-02
4.288966168560445880e+00 -1.140451697959730559e+00 1.021274554619934660e+00 -3.677904133493016037e+00 1.231038736067489592e-01 3.261443331918799649e-01 1.840253919238289626e+00
1.932099859813204201e+00 -2.872946512827035281e+00 7.132746313687996498e-01 -3.128787605043872322e+00 -2.394318048587930625e-01 3.832471157086844021e-02 -6.164698843917111315e-01
2.989886483851682542e+00 -1.769610349388187398e+00 -4.779272012763078337e-01 -3.359004964388421666e+00 -4.417181900420511509e-01 -2.043541586928386167e+00 2.809877571529509233e+00
2.154496809997574758e-02 -5.528753849336341730e+00 9.624896391375076243e-01 -1.991119028109207489e+00 -2.038926190058957033e+00 3.461179987264308089e+00 -1.446186431914876724e+00
3.049398643145408094e+00 -2.304738958053310416e+00 7.083458656279663090e-01 -3.247063404896906480e+00 -1.118607970169553267e+00 1.130339266896190686e+00 1.663794118829091007e+00
4.882518007254010861e+00 -1.757970166354515085e+00 7.175911568689388176e-01 -2.502109376839366739e+00 -1.704254751582427785e+00 2.216588237332213662e+00 4.914053763051945189e+00
3.908231985708241929e+00 1.073301489464046687e+00 4.092741380710254728e-01 -4.830064629716543934e+00 1.977483012411178853e+00 -8.242679513485686726e+00 -1.159648871248189117e+01
1.893292277810822544e+00 -3.259716177748306354e+00 -8.778651093320448684e-01 -3.044958527850964103e+00 -1.295967301981392872e+00 -1.074503819652098402e+00 1.936949471061714945e-01
2.590417401888420290e+00 -2.205086392675203566e+00 9.873501307979006825e-01 -1.964490341710122934e+00 -1.369073266098581154e+00 1.726763330907088445e+00 2.187281345327403148e+00
1.526948346316750804e+00 -8.998080698285161327e-01 8.666605683917507630e-01 -3.319443007346863705e+00 3.666375724272778469e-01 -3.719363291393078086e+00 -3.395830453950833494e+00
2.667089486266157827e+00 -3.737478111033736283e-01 2.196579607744820972e+00 -2.969019508579473499e+00 -9.544020723295537634e-01 1.050674846257754758e-01 2.555721974763275561e+00
-2.114096923572928999e-01 -4.435250082773820601e+00 -2.454462110030480870e-01 -2.342387733671264183e+00 -2.377133701357103668e+00 -7.607813417578856985e-01 2.028303303605570207e+00
4.355937496650922114e+00 -8.780571193743198499e-01 6.260326634082467034e-01 -4.165162528125870622e+00 -1.994398168158621587e+00 -1.113033568026985165e+00 3.492898979736146714e+00
4.740175633988566339e+00 -1.670527366775689027e+00 2.510392529366846648e-01 -3.319816071037580141e+00 -2.489284407769246865e+00 -1.589784966727521676e+00 6.426196230647393648e+00
2.792210603775492128e+00 -2.908242582270777810e+00 2.311130980137482194e+00 -2.887360478769712024e+00 -1.914238566784153051e+00 -1.544345529404971051e+00 -7.055276357070444426e+00
3.476439628913974289e+00 -8.199551254536007194e-01 1.591495619059286382e+00 -4.963773901910372821e+00 -2.517375566823747857e+00 -7.007605060242815265e-01 -6.640572816537376744e-01
3.878969349383040388e+00 -1.290817102597513921e+00 1.098634944405962433e+00 -4.369223890096579410e+00 -3.057272537672616419e+00 5.098809962313968214e-01 3.327993689625819762e+00
2.433341186538493517e+00 -3.186152412496087827e+00 -2.526797357509521724e+00 -3.078759549683991015e+00 -2.440702376958872932e+00 -6.671936696599159333e+00 4.396347333584794015e+00
4.588764626797177115e+00 -1.668148876319732299e+00 7.943379387218874044e-01 -3.012899504190138966e+00 -3.259730358093563041e+00 -1.170957211477001936e+00 1.527853867252023434e+00
2.850941649532489741e+00 -1.804670656558783337e+00 1.588108520104650312e+00 -3.308824546609581585e+00 -1.854283273372921093e+00 -2.519061603265767335e+00 -8.965934084228216250e+00
3.121196074198244741e+00 -2.347728356383764758e+00 1.068966106333936850e+00 -1.530154465309657486e+00 -2.264159823130980520e+00 -3.218110283392940918e-01 -1.857397854907563151e+00
2.871869283697609632e+00 -1.711901065909805286e+00 2.086587301226536795e-01 -2.217213058172267104e+00 -2.482675160512032075e+00 4.007329575832017099e-01 2.304489148146356747e+00
1.579341582591188509e+00 -2.044070746004165606e+00 -7.607288251459901063e-02 -1.566835356094052667e+00 -1.780776375333982919e+00 -1.571208576627970865e+00 -1.280745554751560489e+00
1.525240527404085444e+00 -2.999953937282732852e+00 9.424411623664750159e-01 -2.992911952220106420e-01 -3.042684695457140265e+00 4.129733665164346590e+00 1.697537193200831851e+00
2.935042771264704697e+00 4.828868030720439020e-01 7.175676307417433453e-01 -2.455842666252542994e+00 -4.418629523494235212e-01 -1.500699506112021631e+00 -2.799508134484284927e+00
1.402797690903423433e+00 -9.416208399861253353e-01 -7.363953011930167714e-01 -1.980644568623930013e+00 -7.644455421811746643e-01 -2.816683130973356430e+00 -6.611581382133661089e-01
1.200618961653894257e+00 -8.809976200943478997e-01 8.989631309596013420e-03 -1.566358527925473698e+00 -1.172242365743230597e+00 -1.089425002385961294e+00 9.601964623262231324e-01
1.839927809387698510e+00 -8.644925324804482170e-01 1.260988819405558292e+00 -2.546341165941611084e+00 -1.373808869471263128e+00 1.981256292287640663e+00 1.766386041687080688e+00
1.695736536417253026e-01 -1.157683619084724835e+00 1.366871347838563899e+00 -2.298597046622858464e+00 -4.832215179685257489e-01 -1.823089318428777750e-01 -3.687072599771857195e+00
4.859785863213510471e-01 -1.169020189690255451e+00 4.169565155292536685e-01 -1.299064535373781526e+00 -5.318063103113018775e-01 -1.695222509167209290e+00 -1.981519275902005939e+00
1.643104396003117973e+00 -1.130857796211170996e+00 1.968305431629515878e+00 -1.039042551063301678e+00 -1.521597767500975085e+00 3.956392316130425968e+00 2.089648529835438140e+00
9.933129847100620191e-01 3.740708709053536252e-02 6.284894365454832821e-01 -2.846681505620309860e+00 -1.059334645071091208e+00 1.383141873531519961e+00 3.530751478472798355e-01
-2.287521075673522475e+00 -3.459491199133517547e+00 -1.949717173677035120e+00 -7.033372340597052741e-01 -1.330119768598042151e+00 -2.120793331991015052e+00 -1.286197057649586473e+00
1.568793335049792681e+00 -1.215515515126172508e+00 7.315680782866352816e-01 -1.369112278975720409e+00 -1.484769931796364517e+00 3.393109231552489113e+00 1.987326765311287602e+00
5.471731780467674611e-01 1.340413689987453305e-01 -3.035655286492761062e-02 -1.311078816448333573e+00 -2.527776288122285941e-01 -1.229211940350832144e+00 -2.919881969224116247e+00
1.509833944517006588e+00 1.976134037760874373e-01 2.553381820131578883e-01 -8.968672666887460565e-01 -4.795975054570983942e-01 4.632924396604825024e-01 -1.437959495080538552e-01
1.632644838706613477e+00 1.215412646591177426e+00 -2.021982735138888598e-01 -1.133751042062087100e+00 5.484389326885086291e-01 -2.857112161394049110e+00 -2.733290846530072038e+00
4.094681050056513394e-01 -3.362753427953131535e-02 -3.325839517741572826e-01 -9.697465478844937703e-01 9.465260285072264745e-02 -1.401657941961615084e+00 -3.061008520310731118e+00
-2.724668678312857306e+00 -3.957028282802120156e+00 -4.886100432568698526e-01 9.986293894326527809e-01 -2.522370993843353393e+00 5.419743464652930776e+00 3.635903952077399914e+00
-3.465237830375131334e-01 9.011520850480361222e-01 -1.118445209745668745e-01 -1.508095005303441205e+00 5.931562808249396523e-01 -1.203435357839412800e+00 -3.225601471037881751e+00
4.858476635163080370e-01 5.824555678726637264e-01 1.010113367914226457e+00 -7.133561888661961170e-01 -1.056562105065390333e-01 3.526415282706897081e+00 -3.562530961387830319e-02
-5.505658552191272648e-02 1.797166757423847683e+00 1.651779713261054772e+00 -9.553354294473659358e-01 1.138245247199281884e+00 1.573048144657850145e+00 -4.920115860234989924e+00
-2.740700984520951788e+00 -5.546497849548517323e-01 -1.944366578777493748e+00 -9.375116527551324852e-01 3.868716103152358143e-01 -7.571510125154117254e-01 3.531536757662332882e+00
-1.188642268861951790e+00 4.777554086457048155e-01 4.546516246611502776e-01 -5.938104394737838687e-01 3.894488781913202913e-01 2.372838785527111138e+00 2.772646989765008563e+00
-2.423994333572073057e+00 -6.971845099284709746e-02 -1.847843787609947830e+00 -4.790650171587729211e-01 9.006096479919237785e-01 -3.420612342621519808e+00 -5.599576415524726292e-01
1.979811719265506031e+00 3.334768743994544593e+00 2.598984288561873690e+00 -1.540935146770029851e+00 1.550217317998321409e+00 2.639268187935549737e+00 -2.452185351083283615e-01
-1.812327048457649692e+00 -1.210367941802810599e+00 -8.476797914703362857e-02 2.155752623240973220e-01 1.066109118400380973e-01 1.687121549410844024e+00 -2.232224816320174110e-01
-4.955907399945561065e-01 -2.736263734501906963e-01 -3.408801073717659946e-04 -1.114259710957868910e-01 1.108530178995650733e-01 1.753456532036450577e+00 2.038939394643524139e-01
-9.936007899340029148e-01 -1.117173608902376214e-01 -5.673721557553740302e-02 -4.009109417389009611e-01 6.375599624223294848e-01 8.518895132164405748e-01 -1.918692548845119639e+00
-1.038262791708796096e-01 9.323051042692920287e-01 2.909902608975536431e-01 -1.114767360233971383e+00 1.072507953186465190e+00 7.592536700835599284e-01 -1.520862818157435070e+00
1.984221082412052084e+00 2.678254909478634982e+00 -1.048576446048100852e+00 -2.060370465068704249e+00 1.357881702997884243e+00 -1.992593239527923998e+00 2.517122952739070829e+00
2.190539520184610289e+00 1.110252925973349347e+00 1.499636812903857863e-01 -9.204758155931488384e-01 -7.970138749018235158e-02 2.669899712379366186e+00 5.733275218222127378e+00
1.349439506219636709e+00 2.066753128168001830e-01 -2.889112029125217695e+00 -6.683396721537413487e-01 -3.103715862863049013e-01 -3.464786942820983207e+00 4.431786039006099465e+00
3.397995877571249324e+00 1.996313427388077377e+00 7.576318332044889026e-01 -3.924452447870447336e-01 4.329425824200212880e-03 -4.615909283260033469e-02 -2.126807981341526155e+00
2.291034684336580529e+00 1.208361391129412654e+00 1.178016525605034337e+00 -3.594972004255626158e-02 -1.326058663596222098e-01 8.174989738559406138e-01 -6.489996004569864141e+00
9.453870113750970638e-01 4.444996765952382578e-01 -7.160456218700415043e-01 3.754814273844951922e-01 -4.489549340988294723e-01 -8.409043853718890515e-01 -3.103006521634061432e+00
3.022739129686637494e+00 2.002538524922770513e+00 1.599817936276402008e+00 8.987015772478048614e-01 -4.461033980454428560e-01 3.249611251792694944e+00 -1.459904219664722946e+00
1.155492974637425174e+00 -1.747241419020308939e-01 -1.434450188363180168e+00 1.624755051771845205e+00 -1.661319259376950130e+00 1.342861907234681684e+00 4.205477720518866036e+00
1.277364760867489180e+00 -1.321744239078528338e+00 -1.104578475988382102e+00 3.212801179621753267e+00 -1.444477576647746897e+00 1.953865807583772263e-01 -5.265940721534642655e-02
2.160577803959090826e+00 1.303599550199700419e+00 -2.614848777527488677e-01 1.520907282625913348e+00 -8.930170320392801786e-01 -4.230492160426211345e-01 -5.196010305443713229e+00
-6.650787529207169424e-03 -7.457526692419358394e-01 -3.245286579149555983e+00 3.394328984277570349e+00 -2.014768635749933257e+00 -2.254150007822179447e+00 3.255412543202560016e+00
2.336288193038656757e+00 2.324693461032889097e+00 4.806169778299119733e-01 1.532141184378657428e+00 -1.041436879978548946e+00 1.371101655365381422e+00 -2.538957652327275660e+00
3.074261899715726720e+00 3.110610417354890522e+00 4.745017059796460823e-01 2.088642626030519089e+00 2.317836279487193174e-01 -1.983250817174821545e+00 -1.225662283031137001e+00
-2.501475262651845721e+00 -1.784144751301736775e+00 -6.015350849926492938e-03 2.976781574478596148e+00 -1.789905189679805497e+00 2.374996227543156202e+00 -1.562686150477882618e+00
-8.770173158540228719e-02 1.515113085336594834e+00 6.381028431670078271e-01 1.534379565427154812e+00 -6.604491114597866863e-01 9.352310656752509388e-01 -1.612575082047808639e+00
2.605204052377698143e-01 2.003691765797104285e+00 1.515018880591324058e+00 2.051327500258190994e+00 -9.241438950935835228e-01 2.582898289763738475e+00 -1.110509394055561483e+00
-1.523995347455839589e-01 1.338674649567724417e+00 -4.459867406849571392e-01 2.535393901055293941e+00 -1.270164337674865251e+00 1.491487619387060204e-01 9.121098743097719730e-01
2.085319313360207261e+01 1.190258599833356712e+01 4.260119209282780872e+00 2.220116356672738878e+00 4.077042560749167599e+00 -9.588517720322691673e+00 2.028872887368782330e+01
7.201187060469661105e+01 5.680195209135385426e+01 3.999895194964602751e+01 -1.947294533284657803e+01 1.225999778309604693e+01 2.770282577475400032e+01 8.246397379705268094e+00
-9.490300574030063885e+00 -1.188504382774674362e+01 -6.896788242666158197e+00 1.226431658328843932e+00 -4.980576875406586446e+00 -9.993976633768518525e+00 -1.368731161161706567e+01
-1.632361436882158046e+01 -1.708310509088422435e+01 -9.753745388507640612e+00 4.022185320048193624e+00 -6.838406279824003953e+00 -8.796349109405916522e+00 -1.133473170479375192e+01
-5.454478250719320798e+00 -6.425490836747257184e+00 -2.464243678175057628e+00 2.956746784361256264e+00 -4.969558755580696818e+00 -3.001578521856949067e-01 -1.602328501698314200e+00
-5.570295981012644226e+00 -5.899008990571632971e+00 -1.418722881299460559e+00 3.104788552773162014e+00 -4.488040405564802882e+00 5.375843985598627306e-01 -3.537028134337188767e+00
-8.946286477669564974e-01 -9.476274318595372392e-01 -5.842828516707476716e-01 1.146281922718662694e+00 -3.217927834533834464e+00 -7.349403932053659716e-01 2.072232917684359244e+00
-2.404295839065065721e+00 -2.327278442316519591e+00 -4.108517272862213243e-01 1.769705699393588905e+00 -3.831020736284168837e+00 -2.420943182268309180e-02 3.496418437764310383e-01
-1.146023546392827441e+00 -1.214548559044207332e-01 1.289936086570758089e+00 1.560614884617362641e+00 -2.933542475019319529e+00 4.184646906162500235e-01 -2.377437779686763619e+00
-1.806546091846934710e+00 1.348506335389408228e+00 1.742963377090988919e+00 1.515833578490942024e+00 -1.697982885567428157e+00 -9.393776948825196538e-01 -4.551302164496867420e+00
-3.274588074734968490e+00 3.014470389362871039e-01 1.354082471737905191e+00 2.173051869711375428e+00 -2.311904766403827249e+00 2.750790572478660767e-01 -1.058426808542466846e+00
3.368947596409427314e-02 1.879831822210111136e+00 2.231936586422206936e+00 1.131376871231685621e+00 -1.620548014242981560e+00 -6.003867456237000910e-01 -1.737781487563768712e+00
-4.959010842579925082e+00 -9.899296824522836324e-01 -3.808515311113280788e-02 1.207841687552324794e+00 -1.849816803508046448e+00 -2.939895203045950645e+00 -1.227568174337565488e+00
-1.734175224455104303e+00 2.603479878256442226e-01 3.349934001997273203e+00 1.566087690683453770e+00 -2.046662859880365559e+00 3.012503302439821340e+00 -2.194430052768793882e+00
-2.076223215936847666e+00 6.503313894628416358e-01 1.024723905675507751e+00 7.642200006827294390e-01 -1.298414656328236161e+00 -1.710787203942964796e+00 -4.169679413459005390e-01
-1.958951651201504607e+00 7.977604161802616112e-01 1.062027660211804392e+00 7.417215906009541060e-01 -1.091673478185597235e+00 -1.517614491924276887e+00 -2.154299214561564924e+00
-3.498353157964609217e+00 -1.715773517946336924e+00 1.136324690877122734e+00 2.543869173441484222e+00 -2.665429724900053365e+00 3.671255445837686260e+00 2.053236963425948414e+00
-1.696203913151896447e+00 9.424114158335632485e-01 1.630507205442010221e+00 1.447170342000899224e+00 -1.266985901798718395e+00 9.153419203402308746e-01 1.167019535562219268e-02
-1.126777330729577642e+00 1.419747733701844039e+00 7.435797585181693758e-01 8.499778976411019871e-01 -7.049261717693178220e-01 -1.284708689066884402e+00 3.006460136686171514e-01
-3.642544242197791160e+00 9.142933310816565573e-01 -1.266717220896262930e-01 4.079517369461956311e-01 2.280298974845411386e-01 -4.237326594886652309e+00 -3.163486572010318465e+00
-4.230420373294907499e+00 -3.947495044075248760e-01 2.229405996443216686e+00 2.103367068791027084e+00 -1.116083869843438103e+00 3.120063909048401474e+00 -7.733534127262884361e-01
-3.043725413946017255e+00 1.827129732019124875e+00 1.709682416342169997e+00 1.166826252512382922e+00 -6.384803702691949079e-01 9.822199599029513006e-01 2.221996199337271882e+00
-3.874396371862116162e+00 2.559964414015729606e+00 6.341122378186362374e-01 -4.000546670261084792e-01 -7.455752578257714147e-02 -2.307148568066356376e+00 1.718713679215421841e+00
